     0.054     0.017    -0.007     0.049     0.053     0.025     0.016     0.000     0.008
     0.038    -0.032     0.024     0.035    -0.036     0.016    -0.022     0.008     0.007
    -0.086    -0.017    -0.008    -0.051    -0.003     0.000    -0.045    -0.005    -0.018
     0.027    -0.015    -0.012     0.036    -0.051     0.006    -0.020    -0.002     0.010
     0.125     0.003     0.079     0.043     0.060     0.048     0.016     0.023     0.008
    -0.041     0.005    -0.002    -0.080     0.011    -0.015     0.002     0.007     0.024
     0.065     0.026     0.094     0.076     0.055     0.022     0.001     0.015     0.015
     0.086     0.041     0.111     0.022     0.035     0.056     0.046     0.005     0.017
     0.056     0.000     0.047     0.026     0.001     0.019    -0.042     0.007     0.010
     0.111     0.025     0.080     0.040     0.046     0.044     0.030     0.016    -0.012
     0.010     0.018     0.004    -0.067     0.007    -0.005    -0.009     0.005     0.079
     0.132     0.082     0.058     0.067     0.070     0.059     0.023     0.013     0.013
    -0.047     0.013     0.033    -0.029     0.043     0.013    -0.008     0.003     0.027
     0.106     0.071     0.077     0.056     0.053     0.016     0.011     0.017    -0.036
     0.084     0.041     0.086     0.072     0.053     0.045     0.047     0.015     0.008
     0.112     0.038     0.117     0.096     0.069     0.043     0.037     0.017     0.000
     0.106     0.096     0.061     0.072     0.086     0.034     0.035     0.008     0.010
     0.039    -0.049     0.053     0.066     0.020     0.041     0.008     0.010     0.021
     0.076     0.018     0.058     0.048     0.038     0.007     0.007     0.010     0.005
     0.051     0.021     0.049    -0.056     0.005     0.046     0.038     0.010    -0.005
     0.107     0.034     0.062    -0.021     0.015     0.044     0.044     0.009     0.005
     0.050    -0.021     0.057     0.051     0.065     0.005     0.010     0.002     0.010
     0.102     0.051     0.073     0.055     0.030     0.048     0.036     0.027    -0.003
     0.115     0.094     0.125     0.091     0.097     0.084     0.089     0.008     0.003
     0.030    -0.024     0.038     0.050     0.005     0.005     0.020     0.009     0.010
     0.090     0.039     0.079     0.100     0.075    -0.005     0.073     0.013     0.013
     0.079    -0.012     0.071    -0.038    -0.071     0.017     0.006     0.002     0.021
     0.103     0.035     0.100     0.085     0.066     0.027     0.041     0.008    -0.002
     0.102     0.048     0.068    -0.054     0.063     0.026     0.028     0.015    -0.010
     0.145     0.044     0.067     0.059     0.043     0.048     0.025     0.015     0.010
     0.119     0.101     0.101     0.092     0.082     0.051     0.051     0.011    -0.011
     0.120     0.041     0.123     0.095     0.064     0.046     0.052     0.018     0.013
     0.076     0.043     0.103     0.064     0.046     0.021     0.032    -0.040    -0.048
     0.117     0.062     0.108     0.091     0.034     0.061     0.043     0.013     0.003
     0.104     0.062     0.071     0.070     0.077     0.023     0.052     0.018     0.008
    -0.116    -0.008     0.018    -0.002    -0.022     0.008    -0.018     0.000    -0.013
     0.090     0.024     0.054     0.071     0.039     0.039     0.006     0.002     0.018
     0.092     0.065     0.100     0.096     0.076     0.028     0.078     0.013     0.013
     0.122     0.023     0.084     0.115     0.080     0.036     0.057     0.011     0.003
     0.142     0.008     0.142     0.152     0.106     0.055     0.054     0.018     0.013
     0.080     0.077     0.093     0.066     0.068     0.008     0.047     0.018     0.019
     0.095     0.061     0.076     0.102     0.071     0.045     0.046     0.015     0.000
     0.094     0.054     0.053     0.079     0.027     0.066     0.030     0.018     0.000
     0.109    -0.008     0.077     0.079     0.074     0.054     0.064     0.013     0.010
     0.055     0.055     0.073     0.072     0.043     0.024     0.038     0.010    -0.097
     0.097    -0.028     0.045     0.037    -0.029     0.016     0.039     0.005     0.022
     0.015     0.008     0.045     0.048    -0.017     0.010    -0.010     0.008    -0.041
     0.076    -0.030     0.058     0.059     0.045    -0.003     0.038     0.005    -0.008
     0.111     0.007     0.083     0.107     0.072     0.032     0.087     0.005    -0.015
     0.053    -0.017     0.000     0.058    -0.013    -0.005     0.004     0.010    -0.003
     0.071     0.014     0.059     0.123     0.057     0.047     0.037     0.008    -0.002
     0.053     0.027     0.027     0.058    -0.041    -0.008     0.029     0.009     0.009
     0.042     0.003     0.009     0.084     0.033     0.040     0.030     0.008     0.010
     0.066     0.038     0.104     0.097     0.033     0.075     0.080     0.011     0.012
     0.071     0.033     0.049     0.062     0.036     0.036     0.036     0.010     0.000
     0.034     0.001    -0.015     0.049    -0.038     0.031    -0.018     0.010    -0.048
    -0.014    -0.006     0.051     0.046     0.020     0.019     0.005     0.003     0.009
     0.026     0.030     0.095     0.071     0.028     0.043     0.046    -0.002     0.005
     0.051     0.009     0.036     0.077     0.040     0.025     0.024     0.009     0.018
     0.049     0.000     0.038     0.031    -0.017     0.037    -0.033     0.016    -0.018
     0.048    -0.030     0.012     0.018    -0.021     0.004     0.001     0.010     0.013
     0.080     0.033     0.080     0.054     0.041     0.003     0.021    -0.099     0.011
     0.108     0.013     0.033     0.073     0.063     0.059     0.069     0.007    -0.005
     0.043    -0.040     0.069     0.042     0.013    -0.113     0.000    -0.002    -0.005
     0.109     0.009     0.073     0.091     0.056     0.076     0.076     0.008     0.010
     0.071    -0.009     0.096     0.068     0.052     0.021     0.020    -0.003     0.013
     0.096     0.026     0.117     0.136     0.071     0.075     0.104     0.003     0.000
     0.089     0.028     0.074     0.111     0.043     0.070     0.066     0.011     0.014
     0.142     0.047     0.114     0.104     0.054     0.074     0.101     0.007     0.030
     0.075    -0.005     0.086     0.106     0.043     0.037     0.020     0.005     0.015
     0.031    -0.023     0.018     0.017     0.001    -0.022     0.046     0.013     0.003
     0.060    -0.012     0.086     0.012     0.010     0.038     0.014     0.017     0.015
     0.071     0.056     0.048     0.092     0.006     0.055     0.072     0.020     0.008
     0.053     0.035     0.067     0.041     0.025     0.071     0.144     0.018     0.011
     0.072     0.037     0.076     0.094     0.005     0.038     0.102     0.016     0.010
     0.108     0.040     0.069     0.112     0.002     0.044     0.114     0.015     0.013
     0.062     0.030     0.086     0.058     0.025     0.095     0.150     0.010     0.003
     0.051     0.024     0.080     0.080     0.018     0.032     0.094     0.012     0.012
     0.003    -0.037     0.000    -0.039     0.003    -0.007     0.040     0.007     0.013
     0.049    -0.003     0.066     0.062     0.030     0.042     0.065     0.018     0.003
     0.058     0.023     0.082     0.092     0.005     0.073     0.102     0.025     0.023
     0.069     0.023     0.030     0.065     0.007     0.007     0.078     0.011     0.010
     0.047     0.006     0.015    -0.060     0.016     0.049     0.088     0.010     0.000
     0.048     0.031     0.058     0.079     0.015     0.039     0.097     0.020     0.005
     0.013    -0.025     0.005    -0.001     0.004    -0.003     0.023     0.015    -0.003
     0.064     0.021     0.043     0.078    -0.002    -0.020     0.103     0.012     0.002
     0.070     0.036     0.076     0.118     0.004     0.002     0.111     0.005     0.008
     0.042     0.039     0.041     0.076     0.018     0.038     0.163     0.008    -0.018
     0.075     0.038     0.068     0.110     0.013     0.010     0.146     0.015     0.000
     0.059    -0.049     0.028     0.055    -0.010     0.008     0.027     0.007     0.003
     0.059     0.049     0.066     0.005     0.045     0.079     0.017     0.005     0.028
     0.061     0.031     0.008     0.106    -0.002     0.014     0.057     0.015     0.015
     0.028     0.017    -0.001     0.023     0.038    -0.002    -0.020     0.008    -0.020
     0.058     0.032     0.061     0.108     0.033     0.012     0.064     0.015     0.010
     0.109     0.018     0.064     0.083     0.015     0.029     0.046     0.020     0.026
     0.005     0.003    -0.027    -0.007    -0.008    -0.018    -0.046     0.000    -0.005
     0.017     0.004     0.048    -0.001     0.049     0.070    -0.036     0.018     0.025
    -0.028    -0.028     0.000    -0.060    -0.056    -0.005    -0.005    -0.005     0.016
     0.035     0.038     0.092     0.056     0.026     0.061     0.010     0.013     0.008
    -0.038     0.005     0.031    -0.014    -0.003     0.005    -0.037     0.013    -0.013
     0.025     0.020     0.072     0.029     0.031     0.013    -0.021     0.020    -0.022
    -0.021     0.023     0.020     0.036     0.015     0.069    -0.026     0.005    -0.003
    -0.017    -0.001    -0.015    -0.018    -0.022    -0.028    -0.020    -0.003     0.015
     0.089     0.053     0.033    -0.003     0.033     0.034     0.105     0.015     0.000
     0.047     0.028     0.070     0.003     0.045     0.041     0.059     0.013    -0.010
     0.007    -0.018    -0.005    -0.056     0.006    -0.015     0.013     0.003     0.020
     0.053     0.010    -0.006    -0.031     0.029    -0.003     0.072    -0.078     0.025
     0.070     0.010     0.091     0.002     0.010     0.007     0.132     0.000    -0.017
     0.026    -0.043     0.037     0.004    -0.007     0.003     0.047     0.005     0.011
     0.000     0.007     0.028     0.010    -0.013    -0.017     0.023     0.005    -0.003
     0.089     0.072     0.115     0.072     0.026     0.036     0.173     0.005     0.005
     0.073     0.057     0.103     0.073     0.003     0.018     0.163     0.008     0.000
     0.092     0.013     0.137     0.043     0.013     0.039     0.187     0.011    -0.003
     0.023     0.004     0.077     0.002     0.058     0.022     0.084     0.013     0.030
     0.064     0.019     0.161     0.015     0.061     0.017     0.058     0.007     0.002
     0.086     0.062     0.136     0.013     0.068     0.030     0.092     0.018     0.000
     0.046     0.025     0.120     0.034     0.041     0.030     0.054     0.010    -0.005
     0.034     0.000     0.057     0.074     0.005     0.078     0.077     0.013     0.005
     0.007     0.004     0.066     0.050     0.039     0.052     0.066     0.000    -0.056
     0.050     0.003     0.097     0.051     0.046     0.070     0.124     0.015    -0.002
     0.079     0.039     0.101    -0.023     0.075     0.008     0.010     0.008    -0.025
     0.042     0.002     0.033     0.058    -0.018     0.011     0.055     0.008    -0.064
     0.036     0.022     0.063     0.079     0.005    -0.003     0.114     0.015    -0.005
     0.064    -0.002     0.041     0.064     0.033     0.060     0.187     0.028     0.002
    -0.037     0.023     0.011    -0.015     0.005     0.000    -0.006     0.000    -0.023
     0.011     0.013     0.025     0.000     0.045     0.008     0.000     0.011     0.000
    -0.033    -0.005    -0.025    -0.081    -0.029    -0.026    -0.044    -0.003    -0.010
     0.037     0.026     0.045    -0.008     0.013     0.011     0.022     0.005     0.028
     0.014     0.007     0.027     0.001     0.017     0.013    -0.008    -0.020     0.043
     0.031     0.035     0.046    -0.013     0.025     0.013     0.030     0.002     0.033
     0.010     0.038     0.061     0.010     0.023     0.005     0.027     0.010    -0.018
     0.064     0.009     0.117     0.020     0.031     0.022     0.095     0.017     0.005
     0.067     0.039     0.138    -0.028     0.076     0.028     0.067     0.007    -0.010
     0.030     0.042     0.054     0.017     0.038     0.025     0.089     0.018     0.023
     0.028     0.036     0.097    -0.009     0.025     0.022     0.088     0.000     0.000
     0.018     0.013     0.142     0.038     0.041     0.003     0.019     0.013     0.032
    -0.018     0.001     0.039    -0.010    -0.065     0.010    -0.005     0.001     0.014
     0.052     0.014     0.017     0.074    -0.018     0.026     0.067     0.010     0.000
     0.109     0.020     0.085     0.101    -0.020     0.067     0.101     0.016     0.015
     0.072     0.025     0.081     0.102     0.012     0.058     0.100     0.021     0.012
     0.038     0.030     0.094     0.041     0.005     0.088     0.133     0.011     0.003
     0.025     0.029     0.003     0.028    -0.004     0.018     0.016     0.004     0.026
     0.026    -0.018     0.028     0.043    -0.040     0.013     0.023     0.018    -0.087
     0.054     0.029     0.062     0.064     0.013     0.045     0.077     0.020     0.008
     0.029     0.012    -0.022    -0.067     0.007    -0.020    -0.008    -0.003     0.000
     0.051    -0.001     0.052    -0.045     0.063     0.017    -0.021     0.010     0.034
     0.028     0.051     0.025    -0.007    -0.005     0.030     0.012     0.003     0.006
     0.079     0.006     0.050     0.060     0.076     0.037     0.005     0.008     0.019
     0.092    -0.003     0.034     0.052     0.025     0.030     0.033     0.002    -0.003
     0.044    -0.036     0.009     0.028    -0.055    -0.002     0.011     0.005     0.005
     0.025    -0.007     0.020    -0.044     0.015     0.002     0.000     0.000    -0.020
    -0.008    -0.005    -0.008    -0.005     0.000    -0.018     0.007     0.000     0.000
     0.024     0.033     0.041     0.046    -0.020     0.038     0.028     0.006     0.000
     0.069     0.013     0.053     0.007     0.053     0.000     0.002     0.005    -0.002
     0.042    -0.035     0.031     0.013     0.029    -0.036     0.016     0.000     0.001
     0.052    -0.046     0.031     0.008    -0.080     0.011    -0.007     0.003     0.010
     0.146     0.039     0.087     0.029     0.065     0.040     0.050     0.007     0.005
    -0.031     0.002    -0.002    -0.011    -0.031    -0.016    -0.020     0.002    -0.007
    -0.001     0.013     0.026     0.027     0.033     0.019     0.043     0.008    -0.005
     0.037     0.046     0.056     0.067     0.067     0.043     0.056     0.010    -0.015
    -0.024     0.010     0.018     0.039     0.035     0.025     0.012     0.003    -0.008
    -0.049     0.018     0.013    -0.012     0.003     0.000     0.005    -0.005    -0.008
    -0.038     0.010    -0.006    -0.003    -0.028    -0.010    -0.005     0.002     0.007
     0.008    -0.020    -0.005     0.018     0.026     0.008     0.008    -0.030    -0.003
    -0.009     0.071     0.130     0.044    -0.010     0.028     0.061     0.015     0.010
     0.041     0.067     0.158     0.092     0.027     0.045     0.167     0.022     0.021
     0.058     0.048     0.179     0.076     0.020     0.020     0.147     0.007     0.015
     0.028     0.033     0.170     0.089     0.020     0.044     0.157     0.023     0.010
    -0.022     0.060     0.141     0.081    -0.006     0.019     0.074     0.012     0.010
     0.039     0.035     0.149     0.056     0.008     0.036     0.114     0.023     0.011
    -0.038     0.033     0.093     0.064    -0.022     0.015     0.111     0.013     0.013
     0.036     0.054     0.173     0.113     0.063     0.092     0.040     0.013     0.007
     0.041     0.056     0.159     0.116     0.045     0.100     0.032     0.018     0.018
     0.027     0.035     0.106    -0.029     0.011     0.033     0.094     0.008     0.008
     0.002     0.031     0.080     0.025    -0.023     0.013    -0.005    -0.003    -0.052
     0.020     0.043     0.073     0.033     0.040    -0.033     0.056     0.015    -0.049
     0.053     0.066     0.128     0.018     0.033     0.195     0.025     0.010     0.013
     0.011    -0.036     0.061     0.003     0.008     0.086    -0.001     0.023     0.002
     0.031     0.106     0.101     0.006     0.022     0.188     0.028     0.029     0.013
     0.032     0.125     0.123     0.021     0.041     0.195     0.021     0.031     0.018
     0.005     0.093     0.072     0.008     0.006     0.113    -0.003     0.031     0.002
     0.045     0.096     0.106    -0.012     0.028     0.191     0.036     0.030     0.010
     0.054     0.071     0.059    -0.084     0.028     0.125     0.016     0.008     0.011
    -0.005     0.068     0.053    -0.013    -0.011     0.095    -0.051     0.015     0.008
     0.010     0.107     0.059    -0.009     0.018     0.110     0.017     0.015     0.010
    -0.018    -0.003    -0.006     0.015     0.002    -0.003    -0.001     0.071     0.000
    -0.004     0.048    -0.026     0.035    -0.030     0.015     0.005     0.102     0.002
     0.003    -0.003    -0.023    -0.010     0.000     0.000    -0.002    -0.009     0.000
     0.003     0.043     0.005    -0.013    -0.003    -0.017    -0.021    -0.023     0.000
     0.008     0.047     0.076    -0.013    -0.015     0.000     0.015     0.072     0.005
     0.010     0.020     0.043     0.035     0.041     0.033     0.015     0.165     0.005
     0.021     0.103     0.124     0.108     0.035     0.024     0.023     0.198     0.000
     0.018     0.093     0.093     0.144     0.028     0.057     0.008     0.148    -0.005
     0.017     0.061     0.106     0.117     0.025     0.044     0.013     0.209     0.003
     0.008     0.071     0.104     0.104     0.033     0.054     0.005     0.191     0.005
     0.028     0.089     0.130     0.113     0.035     0.026     0.016     0.214     0.005
     0.018     0.040     0.084     0.101     0.031     0.014     0.005     0.149    -0.003
     0.036     0.097     0.135     0.127     0.036     0.063     0.017     0.225     0.003
    -0.003     0.103     0.123     0.085     0.027     0.046     0.020     0.206     0.000
     0.023     0.126     0.144     0.111     0.024     0.023     0.033     0.202     0.008
     0.011     0.092     0.082     0.147     0.040     0.034     0.010     0.183     0.008
     0.006    -0.008     0.021    -0.010     0.003    -0.007     0.000    -0.010     0.003
     0.005     0.081     0.127     0.125     0.041     0.038     0.018     0.216     0.008
     0.023     0.102     0.104     0.104     0.033     0.033     0.015     0.210     0.002
     0.021     0.103     0.105     0.113     0.041     0.044     0.020     0.193     0.000
     0.010     0.075     0.109     0.089     0.043     0.023     0.012     0.210     0.000
     0.023     0.093     0.094     0.086     0.030     0.026     0.030     0.237     0.003
     0.000     0.077     0.060     0.059     0.013     0.000    -0.005     0.135     0.012
     0.031     0.066     0.106     0.128     0.013     0.014    -0.011     0.192     0.002
     0.022     0.081     0.105     0.081    -0.046     0.011     0.010     0.181     0.000
     0.015     0.112     0.104     0.120     0.017     0.028     0.005     0.229     0.010
    -0.059     0.053     0.089     0.103     0.018     0.005     0.018     0.193    -0.002
     0.026     0.085     0.097     0.115     0.018     0.028     0.012     0.175     0.007
     0.022     0.092     0.112     0.130     0.038     0.042     0.023     0.216     0.003
