     0.783    -0.831     0.244
     0.494    -0.754     0.131
     0.755    -0.633     0.126
     0.873    -0.766     0.186
     0.832    -0.710     0.161
     0.795    -0.590     0.149
     0.810    -0.678     0.151
     0.821    -0.701     0.160
     0.618    -0.745     0.161
     0.837    -0.716     0.168
     0.821    -0.639     0.051
     0.842    -0.726     0.174
     0.824    -0.674     0.115
     0.832    -0.699     0.158
     0.813    -0.676     0.155
     0.816    -0.680     0.154
     0.822    -0.693     0.159
     0.516    -0.867     0.219
     0.460    -0.868     0.249
     0.857    -0.756     0.216
     0.867    -0.728     0.187
    -1.453    -0.996     0.127
     0.871    -0.762     0.191
     0.818    -0.681     0.151
     0.917    -0.869     0.250
     0.835    -0.695     0.152
     0.988    -0.839     0.310
     0.859    -0.738     0.174
     0.812    -0.662     0.154
     0.840    -0.716     0.171
     0.818    -0.679     0.152
     0.824    -0.696     0.160
     0.831    -0.695     0.150
     0.803    -0.553     0.209
     0.849    -0.726     0.175
     1.169    -1.173     0.355
     0.824    -0.775     0.192
     0.808    -0.623     0.165
     0.613    -0.805     0.235
     0.594    -0.815     0.235
     0.833    -0.699     0.156
     0.821    -0.687     0.161
     0.929    -0.841     0.234
     0.742    -0.719     0.242
     0.828    -0.683     0.148
     0.892    -0.830     0.266
     0.863    -0.741     0.208
    -0.076    -0.808     0.268
     0.766    -0.517     0.311
     0.931    -0.865     0.281
     0.753    -0.528     0.374
     0.865    -0.666     0.238
     0.748    -0.713     0.221
     0.698    -0.719     0.180
     0.864    -0.767     0.220
     0.701    -0.454     0.043
     0.727    -0.528    -0.463
     0.825    -0.693     0.158
     0.810    -0.689     0.152
     0.850    -0.747     0.180
     0.825    -0.991     0.329
     0.724    -0.701    -0.097
     0.775    -0.705     0.211
    -1.409    -1.137     0.316
     0.797    -0.716     0.218
     0.738    -0.849     0.273
     0.785    -0.602     0.232
     0.673    -0.606     0.220
     0.782    -0.602     0.225
     0.745    -0.196     0.498
    -0.377    -0.645    -0.104
     0.819    -0.707     0.177
     0.781    -0.630     0.091
     0.794    -0.596     0.135
     0.777    -0.618     0.086
     0.780    -0.623     0.083
     0.803    -0.618     0.030
     0.804    -0.650     0.105
     0.770    -0.797     0.148
     0.769    -0.400    -0.087
     0.771    -0.267    -0.267
     0.830    -0.691     0.104
     0.889    -0.768     0.153
     0.790    -0.617     0.076
     0.051     0.137    -2.028
     0.845    -0.719     0.153
     0.761    -0.642     0.104
     0.828    -0.675     0.099
     0.831    -0.681     0.114
     0.826    -0.473    -0.051
     0.809    -0.665     0.153
     0.837    -0.713     0.153
     0.564    -0.669     0.258
     0.785    -0.676     0.126
     0.796    -0.634     0.091
     0.894    -0.683     0.338
     0.822    -0.686     0.161
     0.767    -0.573     0.104
     0.814    -0.540     0.117
     0.832    -0.496     0.072
     0.868    -0.714     0.150
     0.262    -0.160    -0.024
     0.506    -0.406     0.273
     0.628    -0.131     0.383
     0.351    -0.270     0.371
     0.496     4.295     1.183
     0.479     1.653     0.040
     0.606     0.647     0.685
    -1.682     1.040     1.295
    -4.968     0.181     0.599
    -0.564     0.136     0.678
    -0.549     0.036     0.621
     0.448     0.536     0.638
     0.809    -0.681     0.150
     0.813    -0.676     0.158
     0.814    -0.685     0.164
     0.848    -0.658     0.212
     0.774    -0.439    -0.173
     0.810    -0.600     0.140
     0.807    -0.660     0.066
     0.869    -0.748     0.198
     0.803    -0.642     0.094
     0.857    -0.719     0.137
     0.814    -0.614     0.116
     0.803    -0.649     0.210
     0.843    -0.613     0.251
     1.165    -1.147     0.353
    -0.347     0.483     0.641
     0.077     1.256     0.369
    -0.567     1.429     0.962
    -0.235     2.416     1.795
     0.551     0.959     1.008
     0.810    -0.679     0.145
     0.820    -0.668     0.144
     0.801    -0.687     0.155
     0.838    -0.713     0.175
     0.814    -0.691     0.172
     0.800    -0.603     0.137
     0.785    -0.531     0.139
     0.785    -0.626     0.091
     0.792    -0.623     0.070
     0.820    -0.709     0.170
     0.807    -0.639     0.102
     0.698    -0.393     0.050
     0.926    -0.819     0.187
     0.827    -0.697     0.158
     0.837    -1.429     0.495
     1.572    -1.684     0.578
     1.484    -1.506     0.541
     1.358    -1.266     0.383
     1.195    -0.901     0.050
    -1.810    -1.327     0.380
     0.805    -1.329     0.457
     1.380    -1.472     0.508
     1.367    -1.331     0.401
     1.386    -1.357     0.447
     1.377    -1.576     0.546
     0.634    -1.041     0.483
     1.200    -1.152     0.441
     1.137    -1.085     0.439
     0.999    -0.952     0.344
     0.880    -0.972     0.346
     0.711    -0.922     0.271
     0.670     2.803    -8.449
    -1.110     8.064     1.909
    -0.051    11.216     5.780
    -0.024    11.488     6.170
    -0.280    11.791     5.953
    -0.369     8.108    -0.635
    -0.306    10.698     4.928
     0.197     9.998     4.999
     0.362    10.334   -17.647
     0.289    10.393   -17.714
    -0.039     9.042     4.595
     0.196     5.405    -0.597
    -0.216     7.932     4.601
   -14.890    -1.134     0.362
   -11.027    -0.941     0.418
   -15.537    -1.499    -0.096
   -16.576    -1.659     0.123
   -11.640    -0.687    -1.792
   -14.095    -1.309     0.082
    -9.971     0.221     0.570
    -9.994     0.243     0.972
    -9.760    -0.640    -1.796
     0.644     0.502    -3.467
     0.821     0.433    -3.606
     0.925    -0.776     0.328
    -1.516     1.120    -0.862
     0.135    -0.226    -0.425
    -1.552    -0.520    -1.059
     0.663    -0.954    -0.680
     0.269    -0.763    -0.636
     0.579    -0.951    -0.698
     0.619    -0.937    -0.693
     0.534    -0.670    -0.985
     0.243    -0.101    -1.267
     0.634    -0.969    -0.709
     0.657    -0.794    -0.971
     0.671    -0.883    -0.785
     0.490    -0.901    -0.844
    -0.961     2.283    -2.074
     0.598    -0.877    -0.939
     0.583    -0.969    -0.705
     0.626    -0.969    -0.700
    -0.253    -1.022    -0.765
     0.599    -0.969    -0.705
     0.143     0.091    -1.852
    -0.994    -1.012    -0.637
    -0.339    -0.354    -1.263
     0.618    -0.960    -0.710
    -0.836    -0.720    -0.320
     0.577    -0.946    -0.676
     0.394    -0.886    -0.661
